"Longitude (x)","Latitude (y)","Station Name","Climate ID","Date/Time","Year","Month","Day","Data Quality","Max Temp (°C)","Max Temp Flag","Min Temp (°C)","Min Temp Flag","Mean Temp (°C)","Mean Temp Flag","Heat Deg Days (°C)","Heat Deg Days Flag","Cool Deg Days (°C)","Cool Deg Days Flag","Total Rain (mm)","Total Rain Flag","Total Snow (cm)","Total Snow Flag","Total Precip (mm)","Total Precip Flag","Snow on Grnd (cm)","Snow on Grnd Flag","Dir of Max Gust (10s deg)","Dir of Max Gust Flag","Spd of Max Gust (km/h)","Spd of Max Gust Flag"
"-62.33","44.82","BEAVER ISLAND (AUT)","8200558","2014-01-01","2014","01","01","","-8.1","","-16.1","","-12.1","","30.1","","0.0","","","M","","M","","M","","","","","<31",""
"-62.33","44.82","BEAVER ISLAND (AUT)","8200558","2014-01-02","2014","01","02","","-11.6","","-19.4","","-15.5","","33.5","","0.0","","","M","","M","","M","","","","","<31",""
"-62.33","44.82","BEAVER ISLAND (AUT)","8200558","2014-01-03","2014","01","03","","-7.5","","-16.4","","-12.0","","30.0","","0.0","","","M","","M","","M","","","","","<31",""
"-62.33","44.82","BEAVER ISLAND (AUT)","8200558","2014-01-04","2014","01","04","","-3.8","","-17.2","","-10.5","","28.5","","0.0","","","M","","M","","M","","","","","<31",""
"-62.33","44.82","BEAVER ISLAND (AUT)","8200558","2014-01-05","2014","01","05","","3.0","","-3.9","","-0.5","","18.5","","0.0","","","M","","M","","M","","","","","<31",""
"-62.33","44.82","BEAVER ISLAND (AUT)","8200558","2014-01-06","2014","01","06","","7.0","","0.7","","3.9","","14.1","","0.0","","","M","","M","","M","","","","","<31",""
"-62.33","44.82","BEAVER ISLAND (AUT)","8200558","2014-01-07","2014","01","07","","6.9","","-9.8","","-1.5","","19.5","","0.0","","","M","","M","","M","","","","","<31",""
"-62.33","44.82","BEAVER ISLAND (AUT)","8200558","2014-01-08","2014","01","08","","-4.6","","-9.3","","-7.0","","25.0","","0.0","","","M","","M","","M","","","","","<31",""
"-62.33","44.82","BEAVER ISLAND (AUT)","8200558","2014-01-09","2014","01","09","","-5.2","","-10.8","","-8.0","","26.0","","0.0","","","M","","M","","M","","","","","<31",""
"-62.33","44.82","BEAVER ISLAND (AUT)","8200558","2014-01-10","2014","01","10","","1.2","","-11.4","","-5.1","","23.1","","0.0","","","M","","M","","M","","","","","<31",""
"-62.33","44.82","BEAVER ISLAND (AUT)","8200558","2014-01-11","2014","01","11","","7.4","","1.2","","4.3","","13.7","","0.0","","","M","","M","","M","","","","","<31",""
"-62.33","44.82","BEAVER ISLAND (AUT)","8200558","2014-01-12","2014","01","12","","9.6","","1.3","","5.5","","12.5","","0.0","","","M","","M","","M","","","","","<31",""
"-62.33","44.82","BEAVER ISLAND (AUT)","8200558","2014-01-13","2014","01","13","","5.5","","1.2","","3.4","","14.6","","0.0","","","M","","M","","M","","","","","<31",""
"-62.33","44.82","BEAVER ISLAND (AUT)","8200558","2014-01-14","2014","01","14","","6.3","","2.2","","4.3","","13.7","","0.0","","","M","","M","","M","","","","","<31",""
"-62.33","44.82","BEAVER ISLAND (AUT)","8200558","2014-01-15","2014","01","15","","7.3","","1.9","","4.6","","13.4","","0.0","","","M","","M","","M","","","","","<31",""
"-62.33","44.82","BEAVER ISLAND (AUT)","8200558","2014-01-16","2014","01","16","","4.6","","1.7","","3.2","","14.8","","0.0","","","M","","M","","M","","","","","<31",""
"-62.33","44.82","BEAVER ISLAND (AUT)","8200558","2014-01-17","2014","01","17","","5.8","","1.6","","3.7","","14.3","","0.0","","","M","","M","","M","","","","","<31",""
"-62.33","44.82","BEAVER ISLAND (AUT)","8200558","2014-01-18","2014","01","18","","4.0","","0.0","","2.0","","16.0","","0.0","","","M","","M","","M","","","","","<31",""
"-62.33","44.82","BEAVER ISLAND (AUT)","8200558","2014-01-19","2014","01","19","","2.5","","0.1","","1.3","","16.7","","0.0","","","M","","M","","M","","","","","<31",""
"-62.33","44.82","BEAVER ISLAND (AUT)","8200558","2014-01-20","2014","01","20","","2.9","","-1.5","","0.7","","17.3","","0.0","","","M","","M","","M","","","","","<31",""
"-62.33","44.82","BEAVER ISLAND (AUT)","8200558","2014-01-21","2014","01","21","","-1.4","","-9.1","","-5.3","","23.3","","0.0","","","M","","M","","M","","","","","<31",""
"-62.33","44.82","BEAVER ISLAND (AUT)","8200558","2014-01-22","2014","01","22","","-3.3","","-9.0","","-6.2","","24.2","","0.0","","","M","","M","","M","","","","","<31",""
"-62.33","44.82","BEAVER ISLAND (AUT)","8200558","2014-01-23","2014","01","23","","-6.3","","-10.4","","-8.4","","26.4","","0.0","","","M","","M","","M","","","","","<31",""
"-62.33","44.82","BEAVER ISLAND (AUT)","8200558","2014-01-24","2014","01","24","","-9.2","","-12.5","","-10.9","","28.9","","0.0","","","M","","M","","M","","","","","<31",""
"-62.33","44.82","BEAVER ISLAND (AUT)","8200558","2014-01-25","2014","01","25","","3.7","","-11.5","","-3.9","","21.9","","0.0","","","M","","M","","M","","","","","<31",""
"-62.33","44.82","BEAVER ISLAND (AUT)","8200558","2014-01-26","2014","01","26","","4.6","","-9.0","","-2.2","","20.2","","0.0","","","M","","M","","M","","","","","<31",""
"-62.33","44.82","BEAVER ISLAND (AUT)","8200558","2014-01-27","2014","01","27","","6.9","","-8.4","","-0.8","","18.8","","0.0","","","M","","M","","M","","","","","<31",""
"-62.33","44.82","BEAVER ISLAND (AUT)","8200558","2014-01-28","2014","01","28","","2.4","","-8.4","","-3.0","","21.0","","0.0","","","M","","M","","M","","","","","<31",""
"-62.33","44.82","BEAVER ISLAND (AUT)","8200558","2014-01-29","2014","01","29","","-3.3","","-8.7","","-6.0","","24.0","","0.0","","","M","","M","","M","","","","","<31",""
"-62.33","44.82","BEAVER ISLAND (AUT)","8200558","2014-01-30","2014","01","30","","-3.3","","-9.4","","-6.4","","24.4","","0.0","","","M","","M","","M","","","","","<31",""
"-62.33","44.82","BEAVER ISLAND (AUT)","8200558","2014-01-31","2014","01","31","","1.9","","-3.3","","-0.7","","18.7","","0.0","","","M","","M","","M","","","","","<31",""
"-62.33","44.82","BEAVER ISLAND (AUT)","8200558","2014-02-01","2014","02","01","","3.1","","-2.0","","0.6","","17.4","","0.0","","","M","","M","","M","","","","","<31",""
"-62.33","44.82","BEAVER ISLAND (AUT)","8200558","2014-02-02","2014","02","02","","3.9","","0.4","","2.2","","15.8","","0.0","","","M","","M","","M","","","","","<31",""
"-62.33","44.82","BEAVER ISLAND (AUT)","8200558","2014-02-03","2014","02","03","","2.4","","-3.0","","-0.3","","18.3","","0.0","","","M","","M","","M","","","","","<31",""
"-62.33","44.82","BEAVER ISLAND (AUT)","8200558","2014-02-04","2014","02","04","","0.0","","-5.4","","-2.7","","20.7","","0.0","","","M","","M","","M","","","","","<31",""
"-62.33","44.82","BEAVER ISLAND (AUT)","8200558","2014-02-05","2014","02","05","","-4.1","","-7.5","","-5.8","","23.8","","0.0","","","M","","M","","M","","","","","<31",""
"-62.33","44.82","BEAVER ISLAND (AUT)","8200558","2014-02-06","2014","02","06","","-6.6","","-11.4","","-9.0","","27.0","","0.0","","","M","","M","","M","","","","","<31",""
"-62.33","44.82","BEAVER ISLAND (AUT)","8200558","2014-02-07","2014","02","07","","-2.5","","-8.8","","-5.7","","23.7","","0.0","","","M","","M","","M","","","","","<31",""
"-62.33","44.82","BEAVER ISLAND (AUT)","8200558","2014-02-08","2014","02","08","","-1.4","","-7.1","","-4.3","","22.3","","0.0","","","M","","M","","M","","","","","<31",""
"-62.33","44.82","BEAVER ISLAND (AUT)","8200558","2014-02-09","2014","02","09","","-4.9","","-9.2","","-7.1","","25.1","","0.0","","","M","","M","","M","","","","","<31",""
"-62.33","44.82","BEAVER ISLAND (AUT)","8200558","2014-02-10","2014","02","10","","-4.1","","-9.8","","-7.0","","25.0","","0.0","","","M","","M","","M","","","","","<31",""
"-62.33","44.82","BEAVER ISLAND (AUT)","8200558","2014-02-11","2014","02","11","","-6.1","","-12.0","","-9.1","","27.1","","0.0","","","M","","M","","M","","","","","<31",""
"-62.33","44.82","BEAVER ISLAND (AUT)","8200558","2014-02-12","2014","02","12","","-7.8","","-15.5","","-11.7","","29.7","","0.0","","","M","","M","","M","","","","","<31",""
"-62.33","44.82","BEAVER ISLAND (AUT)","8200558","2014-02-13","2014","02","13","","2.4","","-11.3","","-4.5","","22.5","","0.0","","","M","","M","","M","","","","","<31",""
"-62.33","44.82","BEAVER ISLAND (AUT)","8200558","2014-02-14","2014","02","14","","4.6","","-0.2","","2.2","","15.8","","0.0","","","M","","M","","M","","","","","<31",""
"-62.33","44.82","BEAVER ISLAND (AUT)","8200558","2014-02-15","2014","02","15","","2.4","","-2.5","","-0.1","","18.1","","0.0","","","M","","M","","M","","","","","<31",""
"-62.33","44.82","BEAVER ISLAND (AUT)","8200558","2014-02-16","2014","02","16","","4.2","","-6.4","","-1.1","","19.1","","0.0","","","M","","M","","M","","","","","<31",""
"-62.33","44.82","BEAVER ISLAND (AUT)","8200558","2014-02-17","2014","02","17","","-5.5","","-8.2","","-6.9","","24.9","","0.0","","","M","","M","","M","","","","","<31",""
"-62.33","44.82","BEAVER ISLAND (AUT)","8200558","2014-02-18","2014","02","18","","0.3","","-8.4","","-4.1","","22.1","","0.0","","","M","","M","","M","","","","","<31",""
"-62.33","44.82","BEAVER ISLAND (AUT)","8200558","2014-02-19","2014","02","19","","2.7","","-0.4","","1.2","","16.8","","0.0","","","M","","M","","M","","","","","<31",""
"-62.33","44.82","BEAVER ISLAND (AUT)","8200558","2014-02-20","2014","02","20","","1.8","","-0.3","","0.8","","17.2","","0.0","","","M","","M","","M","","","","","<31",""
"-62.33","44.82","BEAVER ISLAND (AUT)","8200558","2014-02-21","2014","02","21","","4.1","","-1.3","","1.4","","16.6","","0.0","","","M","","M","","M","","","","","<31",""
"-62.33","44.82","BEAVER ISLAND (AUT)","8200558","2014-02-22","2014","02","22","","6.8","","0.7","","3.8","","14.2","","0.0","","","M","","M","","M","","","","","<31",""
"-62.33","44.82","BEAVER ISLAND (AUT)","8200558","2014-02-23","2014","02","23","","3.3","","0.3","","1.8","","16.2","","0.0","","","M","","M","","M","","","","","<31",""
"-62.33","44.82","BEAVER ISLAND (AUT)","8200558","2014-02-24","2014","02","24","","2.6","","-3.3","","-0.4","","18.4","","0.0","","","M","","M","","M","","","","","<31",""
"-62.33","44.82","BEAVER ISLAND (AUT)","8200558","2014-02-25","2014","02","25","","-3.2","","-8.8","","-6.0","","24.0","","0.0","","","M","","M","","M","","","","","<31",""
"-62.33","44.82","BEAVER ISLAND (AUT)","8200558","2014-02-26","2014","02","26","","-3.7","","-10.0","","-6.9","","24.9","","0.0","","","M","","M","","M","","","","","<31",""
"-62.33","44.82","BEAVER ISLAND (AUT)","8200558","2014-02-27","2014","02","27","","-0.2","","-5.6","","-2.9","","20.9","","0.0","","","M","","M","","M","","","","","<31",""
"-62.33","44.82","BEAVER ISLAND (AUT)","8200558","2014-02-28","2014","02","28","","-2.6","","-8.2","","-5.4","","23.4","","0.0","","","M","","M","","M","","","","","<31",""
"-62.33","44.82","BEAVER ISLAND (AUT)","8200558","2014-03-01","2014","03","01","","0.5","","-10.1","","-4.8","","22.8","","0.0","","","M","","M","","M","","","","","<31",""
"-62.33","44.82","BEAVER ISLAND (AUT)","8200558","2014-03-02","2014","03","02","","1.0","","-6.8","","-2.9","","20.9","","0.0","","","M","","M","","M","","","","","<31",""
"-62.33","44.82","BEAVER ISLAND (AUT)","8200558","2014-03-03","2014","03","03","","-5.6","","-12.4","","-9.0","","27.0","","0.0","","","M","","M","","M","","","","","<31",""
"-62.33","44.82","BEAVER ISLAND (AUT)","8200558","2014-03-04","2014","03","04","","-6.7","","-15.7","","-11.2","","29.2","","0.0","","","M","","M","","M","","","","","<31",""
"-62.33","44.82","BEAVER ISLAND (AUT)","8200558","2014-03-05","2014","03","05","","-5.2","","-12.7","","-9.0","","27.0","","0.0","","","M","","M","","M","","","","","<31",""
"-62.33","44.82","BEAVER ISLAND (AUT)","8200558","2014-03-06","2014","03","06","","-1.9","","-14.1","","-8.0","","26.0","","0.0","","","M","","M","","M","","","","","<31",""
"-62.33","44.82","BEAVER ISLAND (AUT)","8200558","2014-03-07","2014","03","07","","0.3","","-9.4","","-4.6","","22.6","","0.0","","","M","","M","","M","","","","","<31",""
"-62.33","44.82","BEAVER ISLAND (AUT)","8200558","2014-03-08","2014","03","08","","2.4","","-2.6","","-0.1","","18.1","","0.0","","","M","","M","","M","","","","","<31",""
"-62.33","44.82","BEAVER ISLAND (AUT)","8200558","2014-03-09","2014","03","09","","0.0","","-5.9","","-3.0","","21.0","","0.0","","","M","","M","","M","","","","","<31",""
"-62.33","44.82","BEAVER ISLAND (AUT)","8200558","2014-03-10","2014","03","10","","-1.1","","-7.5","","-4.3","","22.3","","0.0","","","M","","M","","M","","","","","<31",""
"-62.33","44.82","BEAVER ISLAND (AUT)","8200558","2014-03-11","2014","03","11","","-0.2","","-4.7","","-2.5","","20.5","","0.0","","","M","","M","","M","","","","","<31",""
"-62.33","44.82","BEAVER ISLAND (AUT)","8200558","2014-03-12","2014","03","12","","3.9","","-1.3","","1.3","","16.7","","0.0","","","M","","M","","M","","","","","<31",""
"-62.33","44.82","BEAVER ISLAND (AUT)","8200558","2014-03-13","2014","03","13","","7.1","","-8.0","","-0.5","","18.5","","0.0","","","M","","M","","M","","","","","<31",""
"-62.33","44.82","BEAVER ISLAND (AUT)","8200558","2014-03-14","2014","03","14","","-1.2","","-9.1","","-5.2","","23.2","","0.0","","","M","","M","","M","","","","","<31",""
"-62.33","44.82","BEAVER ISLAND (AUT)","8200558","2014-03-15","2014","03","15","","3.6","","-1.6","","1.0","","17.0","","0.0","","","M","","M","","M","","","","","<31",""
"-62.33","44.82","BEAVER ISLAND (AUT)","8200558","2014-03-16","2014","03","16","","3.0","","-6.6","","-1.8","","19.8","","0.0","","","M","","M","","M","","","","","<31",""
"-62.33","44.82","BEAVER ISLAND (AUT)","8200558","2014-03-17","2014","03","17","","-3.8","","-10.0","","-6.9","","24.9","","0.0","","","M","","M","","M","","","","","<31",""
"-62.33","44.82","BEAVER ISLAND (AUT)","8200558","2014-03-18","2014","03","18","","0.3","","-10.0","","-4.9","","22.9","","0.0","","","M","","M","","M","","","","","<31",""
"-62.33","44.82","BEAVER ISLAND (AUT)","8200558","2014-03-19","2014","03","19","","0.9","","-6.3","","-2.7","","20.7","","0.0","","","M","","M","","M","","","","","<31",""
"-62.33","44.82","BEAVER ISLAND (AUT)","8200558","2014-03-20","2014","03","20","","4.5","","-0.9","","1.8","","16.2","","0.0","","","M","","M","","M","","","","","<31",""
"-62.33","44.82","BEAVER ISLAND (AUT)","8200558","2014-03-21","2014","03","21","","2.7","","0.7","","1.7","","16.3","","0.0","","","M","","M","","M","","","","","<31",""
"-62.33","44.82","BEAVER ISLAND (AUT)","8200558","2014-03-22","2014","03","22","","5.0","","-0.3","","2.4","","15.6","","0.0","","","M","","M","","M","","","","","<31",""
"-62.33","44.82","BEAVER ISLAND (AUT)","8200558","2014-03-23","2014","03","23","","2.4","","-3.4","","-0.5","","18.5","","0.0","","","M","","M","","M","","","","","<31",""
"-62.33","44.82","BEAVER ISLAND (AUT)","8200558","2014-03-24","2014","03","24","","-3.3","","-9.9","","-6.6","","24.6","","0.0","","","M","","M","","M","","","","","<31",""
"-62.33","44.82","BEAVER ISLAND (AUT)","8200558","2014-03-25","2014","03","25","","-1.6","","-10.1","","-5.9","","23.9","","0.0","","","M","","M","","M","","","","","<31",""
"-62.33","44.82","BEAVER ISLAND (AUT)","8200558","2014-03-26","2014","03","26","","2.5","","-3.2","","-0.4","","18.4","","0.0","","","M","","M","","M","","","","","<31",""
"-62.33","44.82","BEAVER ISLAND (AUT)","8200558","2014-03-27","2014","03","27","","0.1","","-4.8","","-2.4","","20.4","","0.0","","","M","","M","","M","","","","","<31",""
"-62.33","44.82","BEAVER ISLAND (AUT)","8200558","2014-03-28","2014","03","28","","4.3","","-2.8","","0.8","","17.2","","0.0","","","M","","M","","M","","","","","<31",""
"-62.33","44.82","BEAVER ISLAND (AUT)","8200558","2014-03-29","2014","03","29","","7.1","","-0.2","","3.5","","14.5","","0.0","","","M","","M","","M","","","","","<31",""
"-62.33","44.82","BEAVER ISLAND (AUT)","8200558","2014-03-30","2014","03","30","","0.7","","-1.0","","-0.2","","18.2","","0.0","","","M","","M","","M","","","","","<31",""
"-62.33","44.82","BEAVER ISLAND (AUT)","8200558","2014-03-31","2014","03","31","","1.6","","-0.2","","0.7","","17.3","","0.0","","","M","","M","","M","","","","","<31",""
"-62.33","44.82","BEAVER ISLAND (AUT)","8200558","2014-04-01","2014","04","01","","0.1","","-1.2","","-0.6","","18.6","","0.0","","","M","","M","","M","","","","","<31",""
"-62.33","44.82","BEAVER ISLAND (AUT)","8200558","2014-04-02","2014","04","02","","2.9","","-0.9","","1.0","","17.0","","0.0","","","M","","M","","M","","","","","<31",""
"-62.33","44.82","BEAVER ISLAND (AUT)","8200558","2014-04-03","2014","04","03","","0.6","","-0.6","","0.0","","18.0","","0.0","","","M","","M","","M","","","","","<31",""
"-62.33","44.82","BEAVER ISLAND (AUT)","8200558","2014-04-04","2014","04","04","","5.9","","-0.9","","2.5","","15.5","","0.0","","","M","","M","","M","","","","","<31",""
"-62.33","44.82","BEAVER ISLAND (AUT)","8200558","2014-04-05","2014","04","05","","4.5","","-0.8","","1.9","","16.1","","0.0","","","M","","M","","M","","","","","<31",""
"-62.33","44.82","BEAVER ISLAND (AUT)","8200558","2014-04-06","2014","04","06","","5.4","","0.6","","3.0","","15.0","","0.0","","","M","","M","","M","","","","","<31",""
"-62.33","44.82","BEAVER ISLAND (AUT)","8200558","2014-04-07","2014","04","07","","5.5","","-0.2","","2.7","","15.3","","0.0","","","M","","M","","M","","","","","<31",""
"-62.33","44.82","BEAVER ISLAND (AUT)","8200558","2014-04-08","2014","04","08","","6.4","","1.1","","3.8","","14.2","","0.0","","","M","","M","","M","","","","","<31",""
"-62.33","44.82","BEAVER ISLAND (AUT)","8200558","2014-04-09","2014","04","09","","3.8","","1.1","","2.5","","15.5","","0.0","","","M","","M","","M","","","","","<31",""
"-62.33","44.82","BEAVER ISLAND (AUT)","8200558","2014-04-10","2014","04","10","","5.4","","-1.3","","2.1","","15.9","","0.0","","","M","","M","","M","","","","","<31",""
"-62.33","44.82","BEAVER ISLAND (AUT)","8200558","2014-04-11","2014","04","11","","6.2","","1.5","","3.9","","14.1","","0.0","","","M","","M","","M","","","","","<31",""
"-62.33","44.82","BEAVER ISLAND (AUT)","8200558","2014-04-12","2014","04","12","","4.2","","0.7","","2.5","","15.5","","0.0","","","M","","M","","M","","","","","<31",""
"-62.33","44.82","BEAVER ISLAND (AUT)","8200558","2014-04-13","2014","04","13","","6.8","","1.3","","4.1","","13.9","","0.0","","","M","","M","","M","","","","","<31",""
"-62.33","44.82","BEAVER ISLAND (AUT)","8200558","2014-04-14","2014","04","14","","5.3","","1.7","","3.5","","14.5","","0.0","","","M","","M","","M","","","","","<31",""
"-62.33","44.82","BEAVER ISLAND (AUT)","8200558","2014-04-15","2014","04","15","","8.8","","2.6","","5.7","","12.3","","0.0","","","M","","M","","M","","","","","<31",""
"-62.33","44.82","BEAVER ISLAND (AUT)","8200558","2014-04-16","2014","04","16","","8.5","","-1.0","","3.8","","14.2","","0.0","","","M","","M","","M","","","","","<31",""
"-62.33","44.82","BEAVER ISLAND (AUT)","8200558","2014-04-17","2014","04","17","","4.5","","-2.5","","1.0","","17.0","","0.0","","","M","","M","","M","","","","","<31",""
"-62.33","44.82","BEAVER ISLAND (AUT)","8200558","2014-04-18","2014","04","18","","1.7","","-2.0","","-0.2","","18.2","","0.0","","","M","","M","","M","","","","","<31",""
"-62.33","44.82","BEAVER ISLAND (AUT)","8200558","2014-04-19","2014","04","19","","6.3","","0.6","","3.5","","14.5","","0.0","","","M","","M","","M","","","","","<31",""
"-62.33","44.82","BEAVER ISLAND (AUT)","8200558","2014-04-20","2014","04","20","","8.9","","0.4","","4.7","","13.3","","0.0","","","M","","M","","M","","","","","<31",""
"-62.33","44.82","BEAVER ISLAND (AUT)","8200558","2014-04-21","2014","04","21","","4.3","","0.0","","2.2","","15.8","","0.0","","","M","","M","","M","","","","","<31",""
"-62.33","44.82","BEAVER ISLAND (AUT)","8200558","2014-04-22","2014","04","22","","5.0","","2.7","","3.9","","14.1","","0.0","","","M","","M","","M","","","","","<31",""
"-62.33","44.82","BEAVER ISLAND (AUT)","8200558","2014-04-23","2014","04","23","","4.8","","1.9","","3.4","","14.6","","0.0","","","M","","M","","M","","","","","<31",""
"-62.33","44.82","BEAVER ISLAND (AUT)","8200558","2014-04-24","2014","04","24","","2.1","","1.3","","1.7","","16.3","","0.0","","","M","","M","","M","","","","","<31",""
"-62.33","44.82","BEAVER ISLAND (AUT)","8200558","2014-04-25","2014","04","25","","4.3","","1.3","","2.8","","15.2","","0.0","","","M","","M","","M","","","","","<31",""
"-62.33","44.82","BEAVER ISLAND (AUT)","8200558","2014-04-26","2014","04","26","","11.4","","1.3","","6.4","","11.6","","0.0","","","M","","M","","M","","","","","<31",""
"-62.33","44.82","BEAVER ISLAND (AUT)","8200558","2014-04-27","2014","04","27","","5.0","","1.9","","3.5","","14.5","","0.0","","","M","","M","","M","","","","","<31",""
"-62.33","44.82","BEAVER ISLAND (AUT)","8200558","2014-04-28","2014","04","28","","4.4","","2.7","","3.6","","14.4","","0.0","","","M","","M","","M","","","","","<31",""
"-62.33","44.82","BEAVER ISLAND (AUT)","8200558","2014-04-29","2014","04","29","","5.1","","0.2","","2.7","","15.3","","0.0","","","M","","M","","M","","","","","<31",""
"-62.33","44.82","BEAVER ISLAND (AUT)","8200558","2014-04-30","2014","04","30","","5.8","","0.5","","3.2","","14.8","","0.0","","","M","","M","","M","","","","","<31",""
"-62.33","44.82","BEAVER ISLAND (AUT)","8200558","2014-05-01","2014","05","01","","4.9","","0.7","","2.8","","15.2","","0.0","","","M","","M","","M","","","","","<31",""
"-62.33","44.82","BEAVER ISLAND (AUT)","8200558","2014-05-02","2014","05","02","","5.5","","2.1","","3.8","","14.2","","0.0","","","M","","M","","M","","","","","<31",""
"-62.33","44.82","BEAVER ISLAND (AUT)","8200558","2014-05-03","2014","05","03","","7.2","","3.0","","5.1","","12.9","","0.0","","","M","","M","","M","","","","","<31",""
"-62.33","44.82","BEAVER ISLAND (AUT)","8200558","2014-05-04","2014","05","04","","5.4","","2.3","","3.9","","14.1","","0.0","","","M","","M","","M","","","","","<31",""
"-62.33","44.82","BEAVER ISLAND (AUT)","8200558","2014-05-05","2014","05","05","","5.7","","2.4","","4.1","","13.9","","0.0","","","M","","M","","M","","","","","<31",""
"-62.33","44.82","BEAVER ISLAND (AUT)","8200558","2014-05-06","2014","05","06","","9.0","","1.3","","5.2","","12.8","","0.0","","","M","","M","","M","","","","","<31",""
"-62.33","44.82","BEAVER ISLAND (AUT)","8200558","2014-05-07","2014","05","07","","6.6","","1.0","","3.8","","14.2","","0.0","","","M","","M","","M","","","","","<31",""
"-62.33","44.82","BEAVER ISLAND (AUT)","8200558","2014-05-08","2014","05","08","","7.3","","1.0","","4.2","","13.8","","0.0","","","M","","M","","M","","","","","<31",""
"-62.33","44.82","BEAVER ISLAND (AUT)","8200558","2014-05-09","2014","05","09","","7.6","","2.8","","5.2","","12.8","","0.0","","","M","","M","","M","","","","","<31",""
"-62.33","44.82","BEAVER ISLAND (AUT)","8200558","2014-05-10","2014","05","10","","7.8","","4.5","","6.2","","11.8","","0.0","","","M","","M","","M","","","","","<31",""
"-62.33","44.82","BEAVER ISLAND (AUT)","8200558","2014-05-11","2014","05","11","","10.8","","2.9","","6.9","","11.1","","0.0","","","M","","M","","M","","","","","<31",""
"-62.33","44.82","BEAVER ISLAND (AUT)","8200558","2014-05-12","2014","05","12","","6.8","","2.1","","4.5","","13.5","","0.0","","","M","","M","","M","","","","","<31",""
"-62.33","44.82","BEAVER ISLAND (AUT)","8200558","2014-05-13","2014","05","13","","10.7","","2.7","","6.7","","11.3","","0.0","","","M","","M","","M","","","","","<31",""
"-62.33","44.82","BEAVER ISLAND (AUT)","8200558","2014-05-14","2014","05","14","","11.1","","2.3","","6.7","","11.3","","0.0","","","M","","M","","M","","","","","<31",""
"-62.33","44.82","BEAVER ISLAND (AUT)","8200558","2014-05-15","2014","05","15","","8.0","","5.3","","6.7","","11.3","","0.0","","","M","","M","","M","","","","","<31",""
"-62.33","44.82","BEAVER ISLAND (AUT)","8200558","2014-05-16","2014","05","16","","10.0","","5.3","","7.7","","10.3","","0.0","","","M","","M","","M","","","","","<31",""
"-62.33","44.82","BEAVER ISLAND (AUT)","8200558","2014-05-17","2014","05","17","","13.0","","6.0","","9.5","","8.5","","0.0","","","M","","M","","M","","","","","<31",""
"-62.33","44.82","BEAVER ISLAND (AUT)","8200558","2014-05-18","2014","05","18","","7.2","","4.4","","5.8","","12.2","","0.0","","","M","","M","","M","","","","","<31",""
"-62.33","44.82","BEAVER ISLAND (AUT)","8200558","2014-05-19","2014","05","19","","6.5","","4.5","","5.5","","12.5","","0.0","","","M","","M","","M","","","","","<31",""
"-62.33","44.82","BEAVER ISLAND (AUT)","8200558","2014-05-20","2014","05","20","","7.7","","4.6","","6.2","","11.8","","0.0","","","M","","M","","M","","","","","<31",""
"-62.33","44.82","BEAVER ISLAND (AUT)","8200558","2014-05-21","2014","05","21","","8.6","","5.4","","7.0","","11.0","","0.0","","","M","","M","","M","","","","","<31",""
"-62.33","44.82","BEAVER ISLAND (AUT)","8200558","2014-05-22","2014","05","22","","13.1","","6.0","","9.6","","8.4","","0.0","","","M","","M","","M","","","","","<31",""
"-62.33","44.82","BEAVER ISLAND (AUT)","8200558","2014-05-23","2014","05","23","","13.4","","6.7","","10.1","","7.9","","0.0","","","M","","M","","M","","","","","<31",""
"-62.33","44.82","BEAVER ISLAND (AUT)","8200558","2014-05-24","2014","05","24","","11.1","","4.7","","7.9","","10.1","","0.0","","","M","","M","","M","","","","","<31",""
"-62.33","44.82","BEAVER ISLAND (AUT)","8200558","2014-05-25","2014","05","25","","10.4","","3.8","","7.1","","10.9","","0.0","","","M","","M","","M","","","","","<31",""
"-62.33","44.82","BEAVER ISLAND (AUT)","8200558","2014-05-26","2014","05","26","","6.6","","3.2","","4.9","","13.1","","0.0","","","M","","M","","M","","","","","<31",""
"-62.33","44.82","BEAVER ISLAND (AUT)","8200558","2014-05-27","2014","05","27","","9.3","","5.1","","7.2","","10.8","","0.0","","","M","","M","","M","","","","","<31",""
"-62.33","44.82","BEAVER ISLAND (AUT)","8200558","2014-05-28","2014","05","28","","9.6","","2.9","","6.3","","11.7","","0.0","","","M","","M","","M","","","","","<31",""
"-62.33","44.82","BEAVER ISLAND (AUT)","8200558","2014-05-29","2014","05","29","","8.9","","2.1","","5.5","","12.5","","0.0","","","M","","M","","M","","","","","<31",""
"-62.33","44.82","BEAVER ISLAND (AUT)","8200558","2014-05-30","2014","05","30","","10.0","","6.2","","8.1","","9.9","","0.0","","","M","","M","","M","","","","","<31",""
"-62.33","44.82","BEAVER ISLAND (AUT)","8200558","2014-05-31","2014","05","31","","13.9","","5.0","","9.5","","8.5","","0.0","","","M","","M","","M","","","","","<31",""
"-62.33","44.82","BEAVER ISLAND (AUT)","8200558","2014-06-01","2014","06","01","","10.0","","4.5","","7.3","","10.7","","0.0","","","M","","M","","M","","","","","<31",""
"-62.33","44.82","BEAVER ISLAND (AUT)","8200558","2014-06-02","2014","06","02","","11.9","","5.7","","8.8","","9.2","","0.0","","","M","","M","","M","","","","","<31",""
"-62.33","44.82","BEAVER ISLAND (AUT)","8200558","2014-06-03","2014","06","03","","10.1","","6.5","","8.3","","9.7","","0.0","","","M","","M","","M","","","","","<31",""
"-62.33","44.82","BEAVER ISLAND (AUT)","8200558","2014-06-04","2014","06","04","","8.9","","6.7","","7.8","","10.2","","0.0","","","M","","M","","M","","","","","<31",""
"-62.33","44.82","BEAVER ISLAND (AUT)","8200558","2014-06-05","2014","06","05","","13.2","","7.4","","10.3","","7.7","","0.0","","","M","","M","","M","","","","","<31",""
"-62.33","44.82","BEAVER ISLAND (AUT)","8200558","2014-06-06","2014","06","06","","11.9","","8.2","","10.1","","7.9","","0.0","","","M","","M","","M","","","","","<31",""
"-62.33","44.82","BEAVER ISLAND (AUT)","8200558","2014-06-07","2014","06","07","","14.4","","7.8","","11.1","","6.9","","0.0","","","M","","M","","M","","","","","<31",""
"-62.33","44.82","BEAVER ISLAND (AUT)","8200558","2014-06-08","2014","06","08","","18.1","","8.4","","13.3","","4.7","","0.0","","","M","","M","","M","","","","","<31",""
"-62.33","44.82","BEAVER ISLAND (AUT)","8200558","2014-06-09","2014","06","09","","11.2","","7.5","","9.4","","8.6","","0.0","","","M","","M","","M","","","","","<31",""
"-62.33","44.82","BEAVER ISLAND (AUT)","8200558","2014-06-10","2014","06","10","","17.9","","9.3","","13.6","","4.4","","0.0","","","M","","M","","M","","","","","<31",""
"-62.33","44.82","BEAVER ISLAND (AUT)","8200558","2014-06-11","2014","06","11","","19.0","","9.7","","14.4","","3.6","","0.0","","","M","","M","","M","","","","","<31",""
"-62.33","44.82","BEAVER ISLAND (AUT)","8200558","2014-06-12","2014","06","12","","12.9","","8.5","","10.7","","7.3","","0.0","","","M","","M","","M","","","","","<31",""
"-62.33","44.82","BEAVER ISLAND (AUT)","8200558","2014-06-13","2014","06","13","","12.6","","8.6","","10.6","","7.4","","0.0","","","M","","M","","M","","","","","<31",""
"-62.33","44.82","BEAVER ISLAND (AUT)","8200558","2014-06-14","2014","06","14","","11.6","","9.8","","10.7","","7.3","","0.0","","","M","","M","","M","","","","","<31",""
"-62.33","44.82","BEAVER ISLAND (AUT)","8200558","2014-06-15","2014","06","15","","13.7","","9.5","","11.6","","6.4","","0.0","","","M","","M","","M","","","","","<31",""
"-62.33","44.82","BEAVER ISLAND (AUT)","8200558","2014-06-16","2014","06","16","","14.6","","9.3","","12.0","","6.0","","0.0","","","M","","M","","M","","","","","<31",""
"-62.33","44.82","BEAVER ISLAND (AUT)","8200558","2014-06-17","2014","06","17","","20.6","","8.8","","14.7","","3.3","","0.0","","","M","","M","","M","","","","","<31",""
"-62.33","44.82","BEAVER ISLAND (AUT)","8200558","2014-06-18","2014","06","18","","13.1","","9.9","","11.5","","6.5","","0.0","","","M","","M","","M","","","","","<31",""
"-62.33","44.82","BEAVER ISLAND (AUT)","8200558","2014-06-19","2014","06","19","","21.1","","10.5","","15.8","","2.2","","0.0","","","M","","M","","M","","","","","<31",""
"-62.33","44.82","BEAVER ISLAND (AUT)","8200558","2014-06-20","2014","06","20","","13.4","","8.8","","11.1","","6.9","","0.0","","","M","","M","","M","","","","","<31",""
"-62.33","44.82","BEAVER ISLAND (AUT)","8200558","2014-06-21","2014","06","21","","15.2","","8.8","","12.0","","6.0","","0.0","","","M","","M","","M","","","","","<31",""
"-62.33","44.82","BEAVER ISLAND (AUT)","8200558","2014-06-22","2014","06","22","","14.3","","10.0","","12.2","","5.8","","0.0","","","M","","M","","M","","","","","<31",""
"-62.33","44.82","BEAVER ISLAND (AUT)","8200558","2014-06-23","2014","06","23","","15.4","","9.4","","12.4","","5.6","","0.0","","","M","","M","","M","","","","","<31",""
"-62.33","44.82","BEAVER ISLAND (AUT)","8200558","2014-06-24","2014","06","24","","14.9","","12.2","","13.6","","4.4","","0.0","","","M","","M","","M","","","","","<31",""
"-62.33","44.82","BEAVER ISLAND (AUT)","8200558","2014-06-25","2014","06","25","","13.9","","11.3","","12.6","","5.4","","0.0","","","M","","M","","M","","","","","<31",""
"-62.33","44.82","BEAVER ISLAND (AUT)","8200558","2014-06-26","2014","06","26","","14.4","","10.8","","12.6","","5.4","","0.0","","","M","","M","","M","","","","","<31",""
"-62.33","44.82","BEAVER ISLAND (AUT)","8200558","2014-06-27","2014","06","27","","19.3","","11.2","","15.3","","2.7","","0.0","","","M","","M","","M","","","","","<31",""
"-62.33","44.82","BEAVER ISLAND (AUT)","8200558","2014-06-28","2014","06","28","","18.9","","11.3","","15.1","","2.9","","0.0","","","M","","M","","M","","","","","<31",""
"-62.33","44.82","BEAVER ISLAND (AUT)","8200558","2014-06-29","2014","06","29","","18.1","","11.9","","15.0","","3.0","","0.0","","","M","","M","","M","","","","","<31",""
"-62.33","44.82","BEAVER ISLAND (AUT)","8200558","2014-06-30","2014","06","30","","17.6","","13.3","","15.5","","2.5","","0.0","","","M","","M","","M","","","","","<31",""
"-62.33","44.82","BEAVER ISLAND (AUT)","8200558","2014-07-01","2014","07","01","","15.5","","12.3","","13.9","","4.1","","0.0","","","M","","M","","M","","","","","<31",""
"-62.33","44.82","BEAVER ISLAND (AUT)","8200558","2014-07-02","2014","07","02","","15.1","","11.7","","13.4","","4.6","","0.0","","","M","","M","","M","","","","","<31",""
"-62.33","44.82","BEAVER ISLAND (AUT)","8200558","2014-07-03","2014","07","03","","15.4","","12.5","","14.0","","4.0","","0.0","","","M","","M","","M","","","","","<31",""
"-62.33","44.82","BEAVER ISLAND (AUT)","8200558","2014-07-04","2014","07","04","","15.5","","11.5","","13.5","","4.5","","0.0","","","M","","M","","M","","","","","<31",""
"-62.33","44.82","BEAVER ISLAND (AUT)","8200558","2014-07-05","2014","07","05","","17.0","","9.2","","13.1","","4.9","","0.0","","","M","","M","","M","","","","","<31",""
"-62.33","44.82","BEAVER ISLAND (AUT)","8200558","2014-07-06","2014","07","06","","14.5","","9.2","","11.9","","6.1","","0.0","","","M","","M","","M","","","","","<31",""
"-62.33","44.82","BEAVER ISLAND (AUT)","8200558","2014-07-07","2014","07","07","","11.8","","8.8","","10.3","","7.7","","0.0","","","M","","M","","M","","","","","<31",""
"-62.33","44.82","BEAVER ISLAND (AUT)","8200558","2014-07-08","2014","07","08","","12.4","","8.5","","10.5","","7.5","","0.0","","","M","","M","","M","","","","","<31",""
"-62.33","44.82","BEAVER ISLAND (AUT)","8200558","2014-07-09","2014","07","09","","13.1","","9.5","","11.3","","6.7","","0.0","","","M","","M","","M","","","","","<31",""
"-62.33","44.82","BEAVER ISLAND (AUT)","8200558","2014-07-10","2014","07","10","","12.4","","9.1","","10.8","","7.2","","0.0","","","M","","M","","M","","","","","<31",""
"-62.33","44.82","BEAVER ISLAND (AUT)","8200558","2014-07-11","2014","07","11","","17.2","","9.2","","13.2","","4.8","","0.0","","","M","","M","","M","","","","","<31",""
"-62.33","44.82","BEAVER ISLAND (AUT)","8200558","2014-07-12","2014","07","12","","15.6","","10.5","","13.1","","4.9","","0.0","","","M","","M","","M","","","","","<31",""
"-62.33","44.82","BEAVER ISLAND (AUT)","8200558","2014-07-13","2014","07","13","","15.1","","10.0","","12.6","","5.4","","0.0","","","M","","M","","M","","","","","<31",""
"-62.33","44.82","BEAVER ISLAND (AUT)","8200558","2014-07-14","2014","07","14","","15.1","","10.9","","13.0","","5.0","","0.0","","","M","","M","","M","","","","","<31",""
"-62.33","44.82","BEAVER ISLAND (AUT)","8200558","2014-07-15","2014","07","15","","14.7","","10.6","","12.7","","5.3","","0.0","","","M","","M","","M","","","","","<31",""
"-62.33","44.82","BEAVER ISLAND (AUT)","8200558","2014-07-16","2014","07","16","","16.5","","12.1","","14.3","","3.7","","0.0","","","M","","M","","M","","","","","<31",""
"-62.33","44.82","BEAVER ISLAND (AUT)","8200558","2014-07-17","2014","07","17","","15.0","","10.5","","12.8","","5.2","","0.0","","","M","","M","","M","","","","","<31",""
"-62.33","44.82","BEAVER ISLAND (AUT)","8200558","2014-07-18","2014","07","18","","14.2","","9.8","","12.0","","6.0","","0.0","","","M","","M","","M","","","","","<31",""
"-62.33","44.82","BEAVER ISLAND (AUT)","8200558","2014-07-19","2014","07","19","","16.8","","10.6","","13.7","","4.3","","0.0","","","M","","M","","M","","","","","<31",""
"-62.33","44.82","BEAVER ISLAND (AUT)","8200558","2014-07-20","2014","07","20","","18.7","","10.8","","14.8","","3.2","","0.0","","","M","","M","","M","","","","","<31",""
"-62.33","44.82","BEAVER ISLAND (AUT)","8200558","2014-07-21","2014","07","21","","18.4","","13.8","","16.1","","1.9","","0.0","","","M","","M","","M","","","","","<31",""
"-62.33","44.82","BEAVER ISLAND (AUT)","8200558","2014-07-22","2014","07","22","","16.7","","13.5","","15.1","","2.9","","0.0","","","M","","M","","M","","","","","<31",""
"-62.33","44.82","BEAVER ISLAND (AUT)","8200558","2014-07-23","2014","07","23","","16.8","","13.2","","15.0","","3.0","","0.0","","","M","","M","","M","","","","","<31",""
"-62.33","44.82","BEAVER ISLAND (AUT)","8200558","2014-07-24","2014","07","24","","17.9","","12.4","","15.2","","2.8","","0.0","","","M","","M","","M","","","","","<31",""
"-62.33","44.82","BEAVER ISLAND (AUT)","8200558","2014-07-25","2014","07","25","","19.9","","13.2","","16.6","","1.4","","0.0","","","M","","M","","M","","","","","<31",""
"-62.33","44.82","BEAVER ISLAND (AUT)","8200558","2014-07-26","2014","07","26","","16.6","","13.0","","14.8","","3.2","","0.0","","","M","","M","","M","","","","","<31",""
"-62.33","44.82","BEAVER ISLAND (AUT)","8200558","2014-07-27","2014","07","27","","18.0","","12.8","","15.4","","2.6","","0.0","","","M","","M","","M","","","","","<31",""
"-62.33","44.82","BEAVER ISLAND (AUT)","8200558","2014-07-28","2014","07","28","","20.0","","17.3","","18.7","","0.0","","0.7","","","M","","M","","M","","","","","<31",""
"-62.33","44.82","BEAVER ISLAND (AUT)","8200558","2014-07-29","2014","07","29","","19.0","","15.6","","17.3","","0.7","","0.0","","","M","","M","","M","","","","","<31",""
"-62.33","44.82","BEAVER ISLAND (AUT)","8200558","2014-07-30","2014","07","30","","18.5","","15.4","","17.0","","1.0","","0.0","","","M","","M","","M","","","","","<31",""
"-62.33","44.82","BEAVER ISLAND (AUT)","8200558","2014-07-31","2014","07","31","","18.8","","15.6","","17.2","","0.8","","0.0","","","M","","M","","M","","","","","<31",""
"-62.33","44.82","BEAVER ISLAND (AUT)","8200558","2014-08-01","2014","08","01","","23.6","","16.1","","19.9","","0.0","","1.9","","","M","","M","","M","","","","","<31",""
"-62.33","44.82","BEAVER ISLAND (AUT)","8200558","2014-08-02","2014","08","02","","20.2","","15.7","","18.0","","0.0","","0.0","","","M","","M","","M","","","","","<31",""
"-62.33","44.82","BEAVER ISLAND (AUT)","8200558","2014-08-03","2014","08","03","","19.1","","16.9","","18.0","","0.0","","0.0","","","M","","M","","M","","","","","<31",""
"-62.33","44.82","BEAVER ISLAND (AUT)","8200558","2014-08-04","2014","08","04","","","M","16.7","E","","M","","M","","M","","M","","M","","M","","","","M","","M"
"-62.33","44.82","BEAVER ISLAND (AUT)","8200558","2014-08-05","2014","08","05","","","","","","","","","","","","","","","","","","","","","","",""
"-62.33","44.82","BEAVER ISLAND (AUT)","8200558","2014-08-06","2014","08","06","","","","","","","","","","","","","","","","","","","","","","",""
"-62.33","44.82","BEAVER ISLAND (AUT)","8200558","2014-08-07","2014","08","07","","","","","","","","","","","","","","","","","","","","","","",""
"-62.33","44.82","BEAVER ISLAND (AUT)","8200558","2014-08-08","2014","08","08","","","","","","","","","","","","","","","","","","","","","","",""
"-62.33","44.82","BEAVER ISLAND (AUT)","8200558","2014-08-09","2014","08","09","","","","","","","","","","","","","","","","","","","","","","",""
"-62.33","44.82","BEAVER ISLAND (AUT)","8200558","2014-08-10","2014","08","10","","","","","","","","","","","","","","","","","","","","","","",""
"-62.33","44.82","BEAVER ISLAND (AUT)","8200558","2014-08-11","2014","08","11","","","","","","","","","","","","","","","","","","","","","","",""
"-62.33","44.82","BEAVER ISLAND (AUT)","8200558","2014-08-12","2014","08","12","","","","","","","","","","","","","","","","","","","","","","",""
"-62.33","44.82","BEAVER ISLAND (AUT)","8200558","2014-08-13","2014","08","13","","","","","","","","","","","","","","","","","","","","","","",""
"-62.33","44.82","BEAVER ISLAND (AUT)","8200558","2014-08-14","2014","08","14","","","","","","","","","","","","","","","","","","","","","","",""
"-62.33","44.82","BEAVER ISLAND (AUT)","8200558","2014-08-15","2014","08","15","","","M","","M","","M","","M","","M","","M","","M","","M","","","","","<31",""
"-62.33","44.82","BEAVER ISLAND (AUT)","8200558","2014-08-16","2014","08","16","","20.9","","17.4","","19.2","","0.0","","1.2","","","M","","M","","M","","","","","<31",""
"-62.33","44.82","BEAVER ISLAND (AUT)","8200558","2014-08-17","2014","08","17","","","M","17.1","E","","M","","M","","M","","M","","M","","M","","","","","<31",""
"-62.33","44.82","BEAVER ISLAND (AUT)","8200558","2014-08-18","2014","08","18","","21.0","","16.3","","18.7","","0.0","","0.7","","","M","","M","","M","","","","","<31",""
"-62.33","44.82","BEAVER ISLAND (AUT)","8200558","2014-08-19","2014","08","19","","21.8","","15.9","","18.9","","0.0","","0.9","","","M","","M","","M","","","","","<31",""
"-62.33","44.82","BEAVER ISLAND (AUT)","8200558","2014-08-20","2014","08","20","","21.6","","15.7","","18.7","","0.0","","0.7","","","M","","M","","M","","","","","<31",""
"-62.33","44.82","BEAVER ISLAND (AUT)","8200558","2014-08-21","2014","08","21","","","M","14.8","E","","M","","M","","M","","M","","M","","M","","","","","<31",""
"-62.33","44.82","BEAVER ISLAND (AUT)","8200558","2014-08-22","2014","08","22","","","M","15.8","E","","M","","M","","M","","M","","M","","M","","","","M","","M"
"-62.33","44.82","BEAVER ISLAND (AUT)","8200558","2014-08-23","2014","08","23","","","","","","","","","","","","","","","","","","","","","","",""
"-62.33","44.82","BEAVER ISLAND (AUT)","8200558","2014-08-24","2014","08","24","","","","","","","","","","","","","","","","","","","","","","",""
"-62.33","44.82","BEAVER ISLAND (AUT)","8200558","2014-08-25","2014","08","25","","","M","","M","","M","","M","","M","","M","","M","","M","","","","","<31",""
"-62.33","44.82","BEAVER ISLAND (AUT)","8200558","2014-08-26","2014","08","26","","21.1","","16.9","","19.0","","0.0","","1.0","","","M","","M","","M","","","","","<31",""
"-62.33","44.82","BEAVER ISLAND (AUT)","8200558","2014-08-27","2014","08","27","","21.4","","17.5","","19.5","","0.0","","1.5","","","M","","M","","M","","","","","<31",""
"-62.33","44.82","BEAVER ISLAND (AUT)","8200558","2014-08-28","2014","08","28","","20.5","","16.3","","18.4","","0.0","","0.4","","","M","","M","","M","","","","","<31",""
"-62.33","44.82","BEAVER ISLAND (AUT)","8200558","2014-08-29","2014","08","29","","","M","15.6","E","","M","","M","","M","","M","","M","","M","","","","","<31",""
"-62.33","44.82","BEAVER ISLAND (AUT)","8200558","2014-08-30","2014","08","30","","18.1","","10.3","","14.2","","3.8","","0.0","","","M","","M","","M","","","","","<31",""
"-62.33","44.82","BEAVER ISLAND (AUT)","8200558","2014-08-31","2014","08","31","","","M","16.4","E","","M","","M","","M","","M","","M","","M","","","","","<31",""
"-62.33","44.82","BEAVER ISLAND (AUT)","8200558","2014-09-01","2014","09","01","","21.0","","15.5","","18.3","","0.0","","0.3","","","M","","M","","M","","","","","<31",""
"-62.33","44.82","BEAVER ISLAND (AUT)","8200558","2014-09-02","2014","09","02","","19.6","","16.6","","18.1","","0.0","","0.1","","","M","","M","","M","","","","","<31",""
"-62.33","44.82","BEAVER ISLAND (AUT)","8200558","2014-09-03","2014","09","03","","19.6","","16.7","","18.2","","0.0","","0.2","","","M","","M","","M","","","","","<31",""
"-62.33","44.82","BEAVER ISLAND (AUT)","8200558","2014-09-04","2014","09","04","","21.2","","16.1","","18.7","","0.0","","0.7","","","M","","M","","M","","","","","<31",""
"-62.33","44.82","BEAVER ISLAND (AUT)","8200558","2014-09-05","2014","09","05","","20.1","","16.2","","18.2","","0.0","","0.2","","","M","","M","","M","","","","","<31",""
"-62.33","44.82","BEAVER ISLAND (AUT)","8200558","2014-09-06","2014","09","06","","19.4","","16.4","","17.9","","0.1","","0.0","","","M","","M","","M","","","","","<31",""
"-62.33","44.82","BEAVER ISLAND (AUT)","8200558","2014-09-07","2014","09","07","","19.4","","12.3","","15.9","","2.1","","0.0","","","M","","M","","M","","","","","<31",""
"-62.33","44.82","BEAVER ISLAND (AUT)","8200558","2014-09-08","2014","09","08","","19.7","","11.1","","15.4","","2.6","","0.0","","","M","","M","","M","","","","","<31",""
"-62.33","44.82","BEAVER ISLAND (AUT)","8200558","2014-09-09","2014","09","09","","19.7","","10.7","","15.2","","2.8","","0.0","","","M","","M","","M","","","","","<31",""
"-62.33","44.82","BEAVER ISLAND (AUT)","8200558","2014-09-10","2014","09","10","","18.4","","13.9","","16.2","","1.8","","0.0","","","M","","M","","M","","","","","<31",""
"-62.33","44.82","BEAVER ISLAND (AUT)","8200558","2014-09-11","2014","09","11","","20.0","","15.4","","17.7","","0.3","","0.0","","","M","","M","","M","","","","","<31",""
"-62.33","44.82","BEAVER ISLAND (AUT)","8200558","2014-09-12","2014","09","12","","21.3","","12.2","","16.8","","1.2","","0.0","","","M","","M","","M","","","","","<31",""
"-62.33","44.82","BEAVER ISLAND (AUT)","8200558","2014-09-13","2014","09","13","","17.7","","11.4","","14.6","","3.4","","0.0","","","M","","M","","M","","","","","<31",""
"-62.33","44.82","BEAVER ISLAND (AUT)","8200558","2014-09-14","2014","09","14","","20.8","","13.0","","16.9","","1.1","","0.0","","","M","","M","","M","","","","","<31",""
"-62.33","44.82","BEAVER ISLAND (AUT)","8200558","2014-09-15","2014","09","15","","17.0","","10.7","","13.9","","4.1","","0.0","","","M","","M","","M","","","","","<31",""
"-62.33","44.82","BEAVER ISLAND (AUT)","8200558","2014-09-16","2014","09","16","","15.4","","9.7","","12.6","","5.4","","0.0","","","M","","M","","M","","","","","<31",""
"-62.33","44.82","BEAVER ISLAND (AUT)","8200558","2014-09-17","2014","09","17","","17.5","","10.8","","14.2","","3.8","","0.0","","","M","","M","","M","","","","","<31",""
"-62.33","44.82","BEAVER ISLAND (AUT)","8200558","2014-09-18","2014","09","18","","18.2","","10.7","","14.5","","3.5","","0.0","","","M","","M","","M","","","","","<31",""
"-62.33","44.82","BEAVER ISLAND (AUT)","8200558","2014-09-19","2014","09","19","","12.7","","7.5","","10.1","","7.9","","0.0","","","M","","M","","M","","","","","<31",""
"-62.33","44.82","BEAVER ISLAND (AUT)","8200558","2014-09-20","2014","09","20","","16.8","","8.8","","12.8","","5.2","","0.0","","","M","","M","","M","","","","","<31",""
"-62.33","44.82","BEAVER ISLAND (AUT)","8200558","2014-09-21","2014","09","21","","19.0","","16.6","","17.8","","0.2","","0.0","","","M","","M","","M","","","","","<31",""
"-62.33","44.82","BEAVER ISLAND (AUT)","8200558","2014-09-22","2014","09","22","","20.3","","12.7","","16.5","","1.5","","0.0","","","M","","M","","M","","","","","<31",""
"-62.33","44.82","BEAVER ISLAND (AUT)","8200558","2014-09-23","2014","09","23","","16.3","","9.9","","13.1","","4.9","","0.0","","","M","","M","","M","","","","","<31",""
"-62.33","44.82","BEAVER ISLAND (AUT)","8200558","2014-09-24","2014","09","24","","16.2","","8.0","","12.1","","5.9","","0.0","","","M","","M","","M","","","","","<31",""
"-62.33","44.82","BEAVER ISLAND (AUT)","8200558","2014-09-25","2014","09","25","","15.4","","10.0","","12.7","","5.3","","0.0","","","M","","M","","M","","","","","<31",""
"-62.33","44.82","BEAVER ISLAND (AUT)","8200558","2014-09-26","2014","09","26","","14.9","","10.4","","12.7","","5.3","","0.0","","","M","","M","","M","","","","","<31",""
"-62.33","44.82","BEAVER ISLAND (AUT)","8200558","2014-09-27","2014","09","27","","20.7","","10.9","","15.8","","2.2","","0.0","","","M","","M","","M","","","","","<31",""
"-62.33","44.82","BEAVER ISLAND (AUT)","8200558","2014-09-28","2014","09","28","","17.6","","10.8","","14.2","","3.8","","0.0","","","M","","M","","M","","","","","<31",""
"-62.33","44.82","BEAVER ISLAND (AUT)","8200558","2014-09-29","2014","09","29","","15.4","","10.7","","13.1","","4.9","","0.0","","","M","","M","","M","","","","","<31",""
"-62.33","44.82","BEAVER ISLAND (AUT)","8200558","2014-09-30","2014","09","30","","15.2","","11.9","","13.6","","4.4","","0.0","","","M","","M","","M","","","","","<31",""
"-62.33","44.82","BEAVER ISLAND (AUT)","8200558","2014-10-01","2014","10","01","","15.1","","9.9","","12.5","","5.5","","0.0","","","M","","M","","M","","","","","<31",""
"-62.33","44.82","BEAVER ISLAND (AUT)","8200558","2014-10-02","2014","10","02","","15.3","","9.5","","12.4","","5.6","","0.0","","","M","","M","","M","","","","","<31",""
"-62.33","44.82","BEAVER ISLAND (AUT)","8200558","2014-10-03","2014","10","03","","13.9","","12.4","","13.2","","4.8","","0.0","","","M","","M","","M","","","","","<31",""
"-62.33","44.82","BEAVER ISLAND (AUT)","8200558","2014-10-04","2014","10","04","","14.9","","13.8","","14.4","","3.6","","0.0","","","M","","M","","M","","","","","<31",""
"-62.33","44.82","BEAVER ISLAND (AUT)","8200558","2014-10-05","2014","10","05","","15.7","","13.7","","14.7","","3.3","","0.0","","","M","","M","","M","","","","","<31",""
"-62.33","44.82","BEAVER ISLAND (AUT)","8200558","2014-10-06","2014","10","06","","18.6","","10.3","","14.5","","3.5","","0.0","","","M","","M","","M","","","","","<31",""
"-62.33","44.82","BEAVER ISLAND (AUT)","8200558","2014-10-07","2014","10","07","","18.3","","9.9","","14.1","","3.9","","0.0","","","M","","M","","M","","","","","<31",""
"-62.33","44.82","BEAVER ISLAND (AUT)","8200558","2014-10-08","2014","10","08","","17.2","","14.8","","16.0","","2.0","","0.0","","","M","","M","","M","","","","","<31",""
"-62.33","44.82","BEAVER ISLAND (AUT)","8200558","2014-10-09","2014","10","09","","","M","14.6","E","","M","","M","","M","","M","","M","","M","","","","","<31",""
"-62.33","44.82","BEAVER ISLAND (AUT)","8200558","2014-10-10","2014","10","10","","15.3","","9.8","","12.6","","5.4","","0.0","","","M","","M","","M","","","","","<31",""
"-62.33","44.82","BEAVER ISLAND (AUT)","8200558","2014-10-11","2014","10","11","","12.2","","7.7","","10.0","","8.0","","0.0","","","M","","M","","M","","","","","<31",""
"-62.33","44.82","BEAVER ISLAND (AUT)","8200558","2014-10-12","2014","10","12","","13.0","","7.0","","10.0","","8.0","","0.0","","","M","","M","","M","","","","","<31",""
"-62.33","44.82","BEAVER ISLAND (AUT)","8200558","2014-10-13","2014","10","13","","14.6","","7.1","","10.9","","7.1","","0.0","","","M","","M","","M","","","","","<31",""
"-62.33","44.82","BEAVER ISLAND (AUT)","8200558","2014-10-14","2014","10","14","","15.2","","11.3","","13.3","","4.7","","0.0","","","M","","M","","M","","","","","<31",""
"-62.33","44.82","BEAVER ISLAND (AUT)","8200558","2014-10-15","2014","10","15","","17.0","","14.3","","15.7","","2.3","","0.0","","","M","","M","","M","","","","","<31",""
"-62.33","44.82","BEAVER ISLAND (AUT)","8200558","2014-10-16","2014","10","16","","15.0","","13.6","","14.3","","3.7","","0.0","","","M","","M","","M","","","","","<31",""
"-62.33","44.82","BEAVER ISLAND (AUT)","8200558","2014-10-17","2014","10","17","","17.4","","14.4","","15.9","","2.1","","0.0","","","M","","M","","M","","","","","<31",""
"-62.33","44.82","BEAVER ISLAND (AUT)","8200558","2014-10-18","2014","10","18","","15.3","","13.9","","14.6","","3.4","","0.0","","","M","","M","","M","","","","","<31",""
"-62.33","44.82","BEAVER ISLAND (AUT)","8200558","2014-10-19","2014","10","19","","16.1","","11.5","","13.8","","4.2","","0.0","","","M","","M","","M","","","","","<31",""
"-62.33","44.82","BEAVER ISLAND (AUT)","8200558","2014-10-20","2014","10","20","","11.9","","5.1","","8.5","","9.5","","0.0","","","M","","M","","M","","","","","<31",""
"-62.33","44.82","BEAVER ISLAND (AUT)","8200558","2014-10-21","2014","10","21","","13.9","","7.2","","10.6","","7.4","","0.0","","","M","","M","","M","","","","","<31",""
"-62.33","44.82","BEAVER ISLAND (AUT)","8200558","2014-10-22","2014","10","22","","13.9","","10.9","","12.4","","5.6","","0.0","","","M","","M","","M","","","","","<31",""
"-62.33","44.82","BEAVER ISLAND (AUT)","8200558","2014-10-23","2014","10","23","","14.0","","12.4","","13.2","","4.8","","0.0","","","M","","M","","M","","","","","<31",""
"-62.33","44.82","BEAVER ISLAND (AUT)","8200558","2014-10-24","2014","10","24","","15.2","","12.9","","14.1","","3.9","","0.0","","","M","","M","","M","","","","","<31",""
"-62.33","44.82","BEAVER ISLAND (AUT)","8200558","2014-10-25","2014","10","25","","14.0","","9.2","","11.6","","6.4","","0.0","","","M","","M","","M","","","","","<31",""
"-62.33","44.82","BEAVER ISLAND (AUT)","8200558","2014-10-26","2014","10","26","","14.3","","8.7","","11.5","","6.5","","0.0","","","M","","M","","M","","","","","<31",""
"-62.33","44.82","BEAVER ISLAND (AUT)","8200558","2014-10-27","2014","10","27","","11.4","","7.0","","9.2","","8.8","","0.0","","","M","","M","","M","","","","","<31",""
"-62.33","44.82","BEAVER ISLAND (AUT)","8200558","2014-10-28","2014","10","28","","10.0","","6.3","","8.2","","9.8","","0.0","","","M","","M","","M","","","","","<31",""
"-62.33","44.82","BEAVER ISLAND (AUT)","8200558","2014-10-29","2014","10","29","","15.5","","8.5","","12.0","","6.0","","0.0","","","M","","M","","M","","","","","<31",""
"-62.33","44.82","BEAVER ISLAND (AUT)","8200558","2014-10-30","2014","10","30","","15.6","","7.7","","11.7","","6.3","","0.0","","","M","","M","","M","","","","","<31",""
"-62.33","44.82","BEAVER ISLAND (AUT)","8200558","2014-10-31","2014","10","31","","","M","7.0","E","","M","","M","","M","","M","","M","","M","","","","","<31",""
"-62.33","44.82","BEAVER ISLAND (AUT)","8200558","2014-11-01","2014","11","01","","9.6","","6.4","","8.0","","10.0","","0.0","","","M","","M","","M","","","","","<31",""
"-62.33","44.82","BEAVER ISLAND (AUT)","8200558","2014-11-02","2014","11","02","","16.7","","8.1","","12.4","","5.6","","0.0","","","M","","M","","M","","","","","<31",""
"-62.33","44.82","BEAVER ISLAND (AUT)","8200558","2014-11-03","2014","11","03","","13.0","","2.9","","8.0","","10.0","","0.0","","","M","","M","","M","","","","","<31",""
"-62.33","44.82","BEAVER ISLAND (AUT)","8200558","2014-11-04","2014","11","04","","7.8","","3.4","","5.6","","12.4","","0.0","","","M","","M","","M","","","31","","56",""
"-62.33","44.82","BEAVER ISLAND (AUT)","8200558","2014-11-05","2014","11","05","","14.0","","5.1","","9.6","","8.4","","0.0","","","M","","M","","M","","","19","","56",""
"-62.33","44.82","BEAVER ISLAND (AUT)","8200558","2014-11-06","2014","11","06","","11.3","","8.8","","10.1","","7.9","","0.0","","","M","","M","","M","","","8","","33",""
"-62.33","44.82","BEAVER ISLAND (AUT)","8200558","2014-11-07","2014","11","07","","14.5","","7.2","","10.9","","7.1","","0.0","","","M","","M","","M","","","24","","72",""
"-62.33","44.82","BEAVER ISLAND (AUT)","8200558","2014-11-08","2014","11","08","","7.2","","2.0","","4.6","","13.4","","0.0","","","M","","M","","M","","","28","","78",""
"-62.33","44.82","BEAVER ISLAND (AUT)","8200558","2014-11-09","2014","11","09","","11.3","","3.2","","7.3","","10.7","","0.0","","","M","","M","","M","","","21","","44",""
"-62.33","44.82","BEAVER ISLAND (AUT)","8200558","2014-11-10","2014","11","10","","12.8","","5.8","","9.3","","8.7","","0.0","","","M","","M","","M","","","35","","32",""
"-62.33","44.82","BEAVER ISLAND (AUT)","8200558","2014-11-11","2014","11","11","","11.9","","4.8","","8.4","","9.6","","0.0","","","M","","M","","M","","","","","<31",""
"-62.33","44.82","BEAVER ISLAND (AUT)","8200558","2014-11-12","2014","11","12","","10.4","","8.8","","9.6","","8.4","","0.0","","","M","","M","","M","","","7","","43",""
"-62.33","44.82","BEAVER ISLAND (AUT)","8200558","2014-11-13","2014","11","13","","10.7","","4.7","","7.7","","10.3","","0.0","","","M","","M","","M","","","35","","35",""
"-62.33","44.82","BEAVER ISLAND (AUT)","8200558","2014-11-14","2014","11","14","","9.2","","1.1","","5.2","","12.8","","0.0","","","M","","M","","M","","","36","","80",""
"-62.33","44.82","BEAVER ISLAND (AUT)","8200558","2014-11-15","2014","11","15","","1.3","","-2.9","","-0.8","","18.8","","0.0","","","M","","M","","M","","","31","","52",""
"-62.33","44.82","BEAVER ISLAND (AUT)","8200558","2014-11-16","2014","11","16","","6.8","","-2.0","","2.4","","15.6","","0.0","","","M","","M","","M","","","28","","33",""
"-62.33","44.82","BEAVER ISLAND (AUT)","8200558","2014-11-17","2014","11","17","","12.7","","6.2","","9.5","","8.5","","0.0","","","M","","M","","M","","","19","","65",""
"-62.33","44.82","BEAVER ISLAND (AUT)","8200558","2014-11-18","2014","11","18","","14.1","","0.6","","7.4","","10.6","","0.0","","","M","","M","","M","","","21","","85",""
"-62.33","44.82","BEAVER ISLAND (AUT)","8200558","2014-11-19","2014","11","19","","2.7","","-0.5","","1.1","","16.9","","0.0","","","M","","M","","M","","","28","","70",""
"-62.33","44.82","BEAVER ISLAND (AUT)","8200558","2014-11-20","2014","11","20","","8.4","","-1.1","","3.7","","14.3","","0.0","","","M","","M","","M","","","20","","70",""
"-62.33","44.82","BEAVER ISLAND (AUT)","8200558","2014-11-21","2014","11","21","","3.3","","-4.1","","-0.4","","18.4","","0.0","","","M","","M","","M","","","31","","69",""
"-62.33","44.82","BEAVER ISLAND (AUT)","8200558","2014-11-22","2014","11","22","","6.4","","-5.0","","0.7","","17.3","","0.0","","","M","","M","","M","","","26","","78",""
"-62.33","44.82","BEAVER ISLAND (AUT)","8200558","2014-11-23","2014","11","23","","7.8","","2.4","","5.1","","12.9","","0.0","","","M","","M","","M","","","25","","52",""
"-62.33","44.82","BEAVER ISLAND (AUT)","8200558","2014-11-24","2014","11","24","","12.9","","2.8","","7.9","","10.1","","0.0","","","M","","M","","M","","","20","","83",""
"-62.33","44.82","BEAVER ISLAND (AUT)","8200558","2014-11-25","2014","11","25","","","M","8.2","E","","M","","M","","M","","M","","M","","M","","","","M","","M"
"-62.33","44.82","BEAVER ISLAND (AUT)","8200558","2014-11-26","2014","11","26","","","M","","M","","M","","M","","M","","M","","M","","M","","","9","","74",""
"-62.33","44.82","BEAVER ISLAND (AUT)","8200558","2014-11-27","2014","11","27","","11.1","","-0.2","","5.5","","12.5","","0.0","","","M","","M","","M","","","22","","87",""
"-62.33","44.82","BEAVER ISLAND (AUT)","8200558","2014-11-28","2014","11","28","","0.9","","-1.9","","-0.5","","18.5","","0.0","","","M","","M","","M","","","34","","41",""
"-62.33","44.82","BEAVER ISLAND (AUT)","8200558","2014-11-29","2014","11","29","","0.0","","-4.1","","-2.1","","20.1","","0.0","","","M","","M","","M","","","29","","37",""
"-62.33","44.82","BEAVER ISLAND (AUT)","8200558","2014-11-30","2014","11","30","","9.3","","-3.4","","3.0","","15.0","","0.0","","","M","","M","","M","","","19","","57",""
"-62.33","44.82","BEAVER ISLAND (AUT)","8200558","2014-12-01","2014","12","01","","9.9","","4.1","","7.0","","11.0","","0.0","","","M","","M","","M","","","21","","65",""
"-62.33","44.82","BEAVER ISLAND (AUT)","8200558","2014-12-02","2014","12","02","","4.2","","-5.6","","-0.7","","18.7","","0.0","","","M","","M","","M","","","34","","61",""
"-62.33","44.82","BEAVER ISLAND (AUT)","8200558","2014-12-03","2014","12","03","","10.8","","-0.1","","5.4","","12.6","","0.0","","","M","","M","","M","","","17","","87",""
"-62.33","44.82","BEAVER ISLAND (AUT)","8200558","2014-12-04","2014","12","04","","9.9","","-3.0","","3.5","","14.5","","0.0","","","M","","M","","M","","","22","","80",""
"-62.33","44.82","BEAVER ISLAND (AUT)","8200558","2014-12-05","2014","12","05","","0.1","","-6.7","","-3.3","","21.3","","0.0","","","M","","M","","M","","","35","","46",""
"-62.33","44.82","BEAVER ISLAND (AUT)","8200558","2014-12-06","2014","12","06","","9.5","","0.0","","4.8","","13.2","","0.0","","","M","","M","","M","","","20","","69",""
"-62.33","44.82","BEAVER ISLAND (AUT)","8200558","2014-12-07","2014","12","07","","8.1","","-7.1","","0.5","","17.5","","0.0","","","M","","M","","M","","","35","","82",""
"-62.33","44.82","BEAVER ISLAND (AUT)","8200558","2014-12-08","2014","12","08","","-2.5","","-6.9","","-4.7","","22.7","","0.0","","","M","","M","","M","","","35","","56",""
"-62.33","44.82","BEAVER ISLAND (AUT)","8200558","2014-12-09","2014","12","09","","6.0","","-2.8","","1.6","","16.4","","0.0","","","M","","M","","M","","","9","","70",""
"-62.33","44.82","BEAVER ISLAND (AUT)","8200558","2014-12-10","2014","12","10","","7.4","","5.8","","6.6","","11.4","","0.0","","","M","","M","","M","","","10","","72",""
"-62.33","44.82","BEAVER ISLAND (AUT)","8200558","2014-12-11","2014","12","11","","8.5","","5.9","","7.2","","10.8","","0.0","","","M","","M","","M","","","7","","67",""
"-62.33","44.82","BEAVER ISLAND (AUT)","8200558","2014-12-12","2014","12","12","","9.4","","5.4","","7.4","","10.6","","0.0","","","M","","M","","M","","","16","","35",""
"-62.33","44.82","BEAVER ISLAND (AUT)","8200558","2014-12-13","2014","12","13","","7.0","","2.1","","4.6","","13.4","","0.0","","","M","","M","","M","","","25","","33",""
"-62.33","44.82","BEAVER ISLAND (AUT)","8200558","2014-12-14","2014","12","14","","5.3","","2.6","","4.0","","14.0","","0.0","","","M","","M","","M","","","35","","52",""
"-62.33","44.82","BEAVER ISLAND (AUT)","8200558","2014-12-15","2014","12","15","","4.4","","-0.2","","2.1","","15.9","","0.0","","","M","","M","","M","","","35","","67",""
"-62.33","44.82","BEAVER ISLAND (AUT)","8200558","2014-12-16","2014","12","16","","4.1","","-0.5","","1.8","","16.2","","0.0","","","M","","M","","M","","","17","","46",""
"-62.33","44.82","BEAVER ISLAND (AUT)","8200558","2014-12-17","2014","12","17","","5.7","","-0.6","","2.6","","15.4","","0.0","","","M","","M","","M","","","8","","63",""
"-62.33","44.82","BEAVER ISLAND (AUT)","8200558","2014-12-18","2014","12","18","","7.9","","2.0","","5.0","","13.0","","0.0","","","M","","M","","M","","","21","","69",""
"-62.33","44.82","BEAVER ISLAND (AUT)","8200558","2014-12-19","2014","12","19","","2.9","","-0.2","","1.4","","16.6","","0.0","","","M","","M","","M","","","26","","48",""
"-62.33","44.82","BEAVER ISLAND (AUT)","8200558","2014-12-20","2014","12","20","","4.1","","-0.3","","1.9","","16.1","","0.0","","","M","","M","","M","","","3","","52",""
"-62.33","44.82","BEAVER ISLAND (AUT)","8200558","2014-12-21","2014","12","21","","1.5","","-1.3","","0.1","","17.9","","0.0","","","M","","M","","M","","","4","","32",""
"-62.33","44.82","BEAVER ISLAND (AUT)","8200558","2014-12-22","2014","12","22","","-0.5","","-1.5","","-1.0","","19.0","","0.0","","","M","","M","","M","","","","","<31",""
"-62.33","44.82","BEAVER ISLAND (AUT)","8200558","2014-12-23","2014","12","23","","2.7","","-0.8","","1.0","","17.0","","0.0","","","M","","M","","M","","","5","","39",""
"-62.33","44.82","BEAVER ISLAND (AUT)","8200558","2014-12-24","2014","12","24","","8.1","","2.2","","5.2","","12.8","","0.0","","","M","","M","","M","","","16","","57",""
"-62.33","44.82","BEAVER ISLAND (AUT)","8200558","2014-12-25","2014","12","25","","11.9","","5.3","","8.6","","9.4","","0.0","","","M","","M","","M","","","22","","96",""
"-62.33","44.82","BEAVER ISLAND (AUT)","8200558","2014-12-26","2014","12","26","","7.4","","3.2","","5.3","","12.7","","0.0","","","M","","M","","M","","","29","","59",""
"-62.33","44.82","BEAVER ISLAND (AUT)","8200558","2014-12-27","2014","12","27","","6.3","","2.2","","4.3","","13.7","","0.0","","","M","","M","","M","","","32","","52",""
"-62.33","44.82","BEAVER ISLAND (AUT)","8200558","2014-12-28","2014","12","28","","5.8","","2.4","","4.1","","13.9","","0.0","","","M","","M","","M","","","22","","65",""
"-62.33","44.82","BEAVER ISLAND (AUT)","8200558","2014-12-29","2014","12","29","","2.4","","-5.4","","-1.5","","19.5","","0.0","","","M","","M","","M","","","32","","48",""
"-62.33","44.82","BEAVER ISLAND (AUT)","8200558","2014-12-30","2014","12","30","","-5.4","","-13.9","","-9.7","","27.7","","0.0","","","M","","M","","M","","","32","","56",""
"-62.33","44.82","BEAVER ISLAND (AUT)","8200558","2014-12-31","2014","12","31","","","M","-14.8","E","","M","","M","","M","","M","","M","","M","","","28","","54",""
